SetFactory("OpenCASCADE");

Box(1) = {0.0, 0.0, 0.0, 1.0, 1.0, 1.0};

Sphere(2) = {0.42044761776924133, 0.6952418088912964, 0.7148187756538391, 0.12142950315026403, -Pi/2, Pi/2, 2*Pi};
Sphere(3) = {0.7034371495246887, 0.4370003044605255, 0.24385252594947815, 0.12142950315026403, -Pi/2, Pi/2, 2*Pi};
Sphere(4) = {0.21014083921909332, 0.5971422791481018, 0.31525760889053345, 0.12142950315026403, -Pi/2, Pi/2, 2*Pi};
Sphere(5) = {0.7184881567955017, 0.5421355366706848, 0.6087300777435303, 0.12142950315026403, -Pi/2, Pi/2, 2*Pi};
Sphere(6) = {0.5892516374588013, 0.8384599685668945, 0.5857574939727783, 0.12142950315026403, -Pi/2, Pi/2, 2*Pi};
Sphere(7) = {0.8014141917228699, 0.16740135848522186, 0.30203777551651, 0.12142950315026403, -Pi/2, Pi/2, 2*Pi};
Sphere(8) = {0.5882482528686523, 0.2742122411727905, 0.5519609451293945, 0.12142950315026403, -Pi/2, Pi/2, 2*Pi};
Sphere(9) = {0.3252590298652649, 0.14263345301151276, 0.2102700173854828, 0.12142950315026403, -Pi/2, Pi/2, 2*Pi};
Sphere(10) = {0.15822511911392212, 0.5756868124008179, 0.608801007270813, 0.12142950315026403, -Pi/2, Pi/2, 2*Pi};
Sphere(11) = {0.8318834900856018, 0.4398401081562042, 0.8619986772537231, 0.12142950315026403, -Pi/2, Pi/2, 2*Pi};
Sphere(12) = {0.3327081799507141, 0.34206703305244446, 0.8646419644355774, 0.12142950315026403, -Pi/2, Pi/2, 2*Pi};
Sphere(13) = {0.8207467198371887, 0.7752676606178284, 0.8054976463317871, 0.12142950315026403, -Pi/2, Pi/2, 2*Pi};
Sphere(14) = {0.6505016684532166, 0.7981000542640686, 0.23864875733852386, 0.12142950315026403, -Pi/2, Pi/2, 2*Pi};
Sphere(15) = {0.8420172333717346, 0.15753298997879028, 0.57432621717453, 0.12142950315026403, -Pi/2, Pi/2, 2*Pi};
Sphere(16) = {0.596249520778656, 0.321999192237854, 0.8457276225090027, 0.12142950315026403, -Pi/2, Pi/2, 2*Pi};
Sphere(17) = {0.13281504809856415, 0.3311132490634918, 0.38674068450927734, 0.12142950315026403, -Pi/2, Pi/2, 2*Pi};
Sphere(18) = {0.5859051942825317, 0.8683021664619446, 0.8575354218482971, 0.12142950315026403, -Pi/2, Pi/2, 2*Pi};
Sphere(19) = {0.332902193069458, 0.15243323147296906, 0.4682598412036896, 0.12142950315026403, -Pi/2, Pi/2, 2*Pi};
Sphere(20) = {0.3975357115268707, 0.4513667821884155, 0.21650747954845428, 0.12142950315026403, -Pi/2, Pi/2, 2*Pi};
Sphere(21) = {0.16381263732910156, 0.829783022403717, 0.16186144948005676, 0.12142950315026403, -Pi/2, Pi/2, 2*Pi};
